Goal_1: [0.67851, 1.23367, 0.30426]
Goal_2: [2.73006, 0.36103, 0.99976]
Goal_3: [2.09504, 3.32743, -0.62468]
Goal_4: [1.505, 4.567, -0.398]
Goal_5: [3.052, 0.490, -0.999]