WS01: [0.997175, 0.359725, 1.516446]
WS04: [1.770301, 0.319574, 1.548884]
PP01: [2.623945, 0.270217, 1.574191]
TT01: [3.651876, 0.003604, 0.789767]
WS02: [3.753659, -0.618164, -0.061930]
WS05: [3.710233, -1.431576, -0.019527]
SH01: [2.780769, -1.740336, -1.559037]
WS03: [1.268894, -1.869292, 3.132323]
WS06: [2.491122, -0.023738, -1.560434]
START: [-0.015355, -0.102012, 0.041040]
EXIT: [-0.015357, -0.102014, 0.041038]
